13425,13662,14987,14988,31330,31342,28742,31338,14105,14106,14104,14101,14103,14102,13281,13887,13893,13889,14641,13964,34639,12910,12906,12905,14457

a few more here, also:

14093,14838,15117,13970,13676,13680,13681,13318,14265,13294,13658,13659,13313,13821,14707,15075,
14422,14341,13006,13768,14097,14095,14094,14098,14099,12963,13163,13159,13204,13311,13310,13752,
18767,14080,46890,46895,46884,46869,46892,46868,46865,46872,46903,46897,46866,46900,46883,46886,
46901,46898,14181,14178,14204,14207,14191,14193,14201,14206,14165,14203,14182,14195,14177,14163,
14200,14185,14196,14164,14198,14199,14169,14192,14197,14179,14174,14167,14176,14168,14180,14162,
14175,14194,14171,14183,14205,14170,14202,14172,14560,14563,14554,13421,13272,13267,12948,12967,
13026,14445,14446,14533

13616,13569,13598,13601,13581,13570,13605,15102,15104,15099,13732,13731,14448,31327,31329,14029,
14399,27399,14158,14141,14132,14130,14142,14157,14136,14143,14140,14148,14134,14159,14129,14160,
14147,14133,14128,14131,35155,14161,35111,14138,14137,14135,14145,14144,14139,14146,13221,13260,
13448,14376,14379,14371,14955,14211,14216,14230,14215,14210,14213,14212,14220,14214,14219,13388,
13386,13493,14209,14221,14231,14319,14317,14478,14477,14208,14078,14574,14573,14570,14592,13173,

13425,13662,14987,14988,31330,31338,14105,14102,13281,13887,13893,13889,14641,13964,34639,12910,
12906,12905,14457,12984,13929,14083,14081,14082,14085,14838,15117,13970,13676,13680,13681,13318,
14265,13294,13658,13659,13313,13821,14707,15075,14422,14341,13006,13768,12963,13163,13159,13204,
13311,13310,13752,46890,46895,46884,46869,46868,46903,46897,46866,46900,46883,46886,46901,46898,
14191,14182,14177,14185,14179,14176,14183,14560,14563,14554,13272,13267,12948,12967,13026,14445,
14446,14533,13239,13241,14687,14681,14397,13465,13603,13583,13562,13632,13568,13641,13604,13593,
13613,13574,13594,13564,